PLAYTECH AVENGERS
        // раскладка для главной игры и всех бонусных
            4,8,7,10,6,11,8,1,9,6,2,8,5,3,10,2,8,5,4,9,11,6,10,2,7,8,3,6,9,1,10,4,5,9,11,6,8,3,7,9,0,7,10,2,6,8,3,9,4,5,8,2,7,9,0,7,8,4,5,10,3,8,9,2,10,5,4,9,7,1,10,4,6,8,3,9,10,2,8,6,3,9,10,1,7,8,3,7,9,2,6,8,3,9,5,4,7,9,0,7,10,1,8,6,2,10,7,3,5,9,4,7,10,2,6,9
            4,9,5,8,6,11,9,1,8,5,10,3,7,9,4,5,10,6,1,9,5,8,0,10,6,9,1,8,6,3,10,5,9,4,7,8,1,10,5,9,2,8,6,10,1,7,9,3,8,5,11,7,10,2,7,9,4,7,6,10,0,9,5,8,2,7,9,11,5,10,3,9,6,8,2,10,5,9,3,8,6,10,3,9,5,8,4,7,10,3,9,6,8,2,10,6,9,0,8,5,10,4,7,10,3,7,10,4,7,9,3,7,10,4,5,8
            2,10,4,9,8,11,7,1,9,6,4,9,3,10,6,1,8,7,3,10,4,5,8,1,6,7,2,10,11,6,8,0,9,5,4,10,3,6,9,1,5,10,3,8,2,5,8,4,6,9,3,10,4,5,8,0,9,7,4,10,3,7,9,4,6,10,1,8,5,4,9,2,10,6,3,5,4,7,8,1,9,6,2,10,7,0,9,5,1,10,7,2,9,6,1,7,10,11,6,8,4,7,3,10,4,8,6,2,9,11,5,10,1,6,8
            10,8,0,9,5,11,10,6,4,8,3,10,5,2,9,7,4,6,10,2,7,8,1,6,10,3,7,8,2,6,9,1,8,5,3,9,7,4,6,10,3,7,9,1,6,10,4,9,7,2,10,7,11,5,8,0,10,7,2,9,7,3,10,6,1,9,7,2,10,6,0,8,7,4,9,8,1,10,9,2,8,10,3,9,5,4,8,10,1,6,9,0,8,7,2,10,9,3,8,5,4,9,6,11,8,5,3,10,9,2,5,8,1,6,9,4
            4,9,0,6,10,11,7,1,5,8,2,9,6,1,7,10,3,5,8,2,7,9,4,5,10,0,8,6,2,9,7,3,6,8,1,5,9,11,6,8,4,5,10,3,6,9,1,10,5,4,7,9,1,5,8,3,9,6,0,10,7,3,8,2,5,10,4,8,6,2,9,3,10,6,1,9,5,3,8,4,5,10,4,6,8,0,9,6,2,8,7,4,10,3,8,6,11,10,7,4,8,3,7,9,1,10,7,4,8,2,7,10,3,7,8

PLAYTECH GLADIATOR
        // Основная игра и бонусная
            3,9,0,8,6,3,7,2,9,1,6,4,7,2,9,3,5,2,6,4,5,10,11,8,9,4,10,0,8,2,10,1,5,4,7,11,10,3,9,10
            5,0,8,2,6,3,7,4,9,6,1,8,7,2,9,4,5,12,6,4,5,10,11,7,8,4,10,6,8,2,7,1,5,3,7,12,10,3,9,8
            0,9,8,12,6,3,7,10,9,2,6,8,7,3,9,10,5,12,6,4,5,10,11,8,9,4,5,6,1,7,10,2,5,8,7,12,10,3,7,8
            5,0,9,8,6,3,7,10,9,2,6,8,7,4,9,1,5,2,6,4,5,10,11,8,5,4,10,6,12,7,10,2,5,6,7,12,10,3,9,8
            5,0,8,2,6,3,7,2,9,6,1,8,7,2,9,1,5,3,6,4,5,10,11,8,4,9,3,6,4,7,10,2,5,4,7,0,10,3,8,1

PLAYTECH IRONMAN2
        // Основная
            14,15,2,12,13,3,8,9,4,5,12,13,0,10,11,1,14,15,2,12,13,3,14,15,2,6,7,14,15,3,10,11,4,5,8,9,3,14,15,10,11,0,12,13,6,7,16,8,9,1,10,11,16,8,9
            12,13,0,8,9,3,14,15,1,10,11,2,8,9,16,14,15,4,5,12,13,1,14,15,6,7,0,12,13,2,10,11,6,7,14,15,16,12,13,4,5,8,9,3,10,11,6,7,12,13,3,14,15,2,10,11,3
            6,7,10,11,0,14,15,3,8,9,1,12,13,16,14,15,2,10,11,4,5,12,13,0,8,9,6,7,14,15,3,12,13,4,5,10,11,2,8,9,6,7,14,15,1,12,13,2
            14,15,3,10,11,8,9,6,7,12,13,1,10,11,4,5,14,15,2,8,9,6,7,0,14,15,3,12,13,4,5,10,11,1,8,9,6,7,14,15,3,12,13,16,10,11,4,5,3,12,13,2,14,15,2,12,13,16
            4,5,14,15,3,10,11,2,12,13,6,7,8,9,1,14,15,0,10,11,4,5,0,12,13,2,14,15,6,7,12,13,3,8,9,2,10,11,4,5,14,15,3,12,13,6,7,8,9,1,14,15,3,10,11,16,12,13
        // FS
            14,15,2,12,13,3,8,9,4,5,14,15,0,10,11,12,13,1,14,15,2,12,13,3,14,15,6,7,14,15,3,10,11,4,5,8,9,1,14,15,10,11,6,7,12,13,16,8,9,10,11,16,8,9
            12,13,0,8,9,3,14,15,1,10,11,8,9,16,14,15,4,5,12,13,1,14,15,6,7,12,13,2,10,11,6,7,14,15,16,12,13,4,5,8,9,2,10,11,6,7,12,13,3,14,15,2,10,11,3
            6,7,10,11,14,15,8,9,3,12,13,2,14,15,1,10,11,4,5,12,13,8,9,6,7,14,15,3,12,13,4,5,10,11,2,8,9,16,6,7,14,15,2
            14,15,3,10,11,0,8,9,6,7,12,13,1,10,11,4,5,14,15,2,8,9,6,7,14,15,3,12,13,4,5,10,11,1,8,9,6,7,14,15,3,12,13,16,10,11,4,5,3,12,13,2,14,15,2,12,13
            4,5,14,15,3,10,11,2,12,13,6,7,8,9,1,14,15,0,10,11,4,5,12,13,2,14,15,6,7,12,13,3,8,9,2,10,11,4,5,14,15,3,12,13,6,7,8,9,1,14,15,3,10,11,16,12,13

PLAYTECH IRONMAN
        // раскладка для главной игры
            9,5,11,3,10,7,12,6,5,9,10,1,8,5,6,11,3,10,5,8,9,12,7,4,6,7,2,11,5,10,6,4,10,3,9,11,5,8,4,11
            9,1,1,1,8,7,5,11,6,2,2,2,8,10,4,7,11,3,10,9,12,6,11,3,8,4,7,5,9,11,3,10,5,9,8,4,10,11,5,6
            10,1,1,1,7,5,9,4,11,2,2,2,10,8,5,11,3,8,10,1,1,1,7,5,8,2,2,2,6,9,12,11,3,6,5,7,3,9,6,4
            11,1,1,1,6,7,5,8,9,2,2,2,7,4,8,5,9,3,7,6,4,11,5,8,7,12,6,10,3,9,5,11,4,10,3,11,4,10,5,8
            11,4,8,9,5,11,3,10,7,12,6,4,9,10,1,8,5,7,11,3,9,11,2,10,8,3,9,7,5,6,7,2,11,5,10,6,4,10,3,8
        // FS
            9,5,11,3,10,7,12,6,4,9,10,1,8,5,6,11,3,10,5,8,9,12,7,4,6,7,2,11,5,10,6,4,10,3,9,11,5,8,4,11
            9,1,1,1,8,5,7,4,6,2,2,2,8,4,10,3,7,5,9,1,1,1,11,3,7,2,2,2,9,11,3,10,4,8,6,12,10,11,5,6
            10,1,1,1,7,3,9,4,11,2,2,2,10,8,4,11,12,8,10,1,1,1,7,5,8,2,2,2,6,9,12,11,3,6,5,7,3,9,6,4
            11,1,1,1,6,7,5,8,9,2,2,2,7,4,8,5,9,3,7,6,4,11,5,8,7,12,6,10,3,9,5,11,4,10,3,11,4,10,5,8
            11,4,8,9,5,11,3,10,7,12,6,4,9,10,1,8,5,7,11,3,9,11,2,10,8,3,9,7,5,6,7,2,11,5,10,6,4,10,3,8

PLAYTECH KONG
        // раскладка для главной игры
            9,7,8,2,5,6,4,9,5,7,3,9,8,10,6,7,5,0,9,8,2,6,5,4,9,7,1,8,6,3,8,9,10,6,7,0,8,9,3,7,8,4,9,6,8,4,9,6,7,1,9,7,6,3
            9,7,8,2,5,6,4,9,8,7,3,9,8,10,5,8,7,0,9,8,2,6,5,4,9,7,1,8,5,3,8,9,10,6,7,0,8,9,3,7,8,4,9,6,8,4,9,6,7,1,9,5,2,7,6,3,5
            3,7,8,2,5,6,4,9,6,5,3,9,8,10,5,8,7,1,9,8,2,6,5,4,9,7,1,8,5,3,8,9,10,6,7,0,8,9,3,7,8,4,9,6,7,4,9,6,7,1,9,5,2,6,9
            3,7,8,2,5,6,4,9,8,7,4,5,8,9,10,8,7,6,0,9,8,2,5,8,4,9,7,1,8,5,4,8,5,3,8,9,10,6,7,0,8,9,3,7,8,4,9,6,7,4,9,6,7,1,9,5,2,6,9
            3,7,8,2,5,6,4,9,8,4,7,5,3,9,8,7,10,8,9,2,6,8,5,4,9,7,1,8,5,4,8,5,3,8,9,10,6,7,0,8,9,3,7,8,4,9,6,7,4,9,6,7,1,9,5,2,6,9
        // FS
            9,7,8,2,5,6,4,9,5,7,3,9,8,10,6,7,5,0,9,8,2,6,5,4,9,7,1,8,6,3,8,9,10,6,7,0,8,9,3,7,8,4,9,6,8,4,9,6,7,1,9,7,6,3
            9,7,8,2,5,6,4,9,8,7,3,9,8,10,5,8,7,0,9,8,2,6,5,4,9,7,1,8,5,3,8,9,10,6,7,0,8,9,3,7,8,4,9,6,8,4,9,6,7,1,9,5,2,7,6,3,5
            3,7,8,2,5,6,4,9,6,5,3,9,8,10,5,8,7,1,9,8,2,6,5,4,9,7,1,8,5,3,8,9,10,6,7,0,8,9,3,7,8,4,9,6,7,4,9,6,7,1,9,5,2,6,9
            3,7,8,2,5,6,4,9,8,7,4,5,8,9,10,8,7,6,0,9,8,2,5,8,4,9,7,1,8,5,4,8,5,3,8,9,10,6,7,0,8,9,3,7,8,4,9,6,7,4,9,6,7,1,9,5,2,6,9
            3,7,8,2,5,6,4,9,8,4,7,5,3,9,8,7,10,8,9,2,6,8,5,4,9,7,1,8,5,4,8,5,3,8,9,10,6,7,0,8,9,3,7,8,4,9,6,7,4,9,6,7,1,9,5,2,6,9

PLAYTECH ROCKY
        // раскладка для главной игры
            2,5,10,0,10,8,4,6,3,5,6,3,4,1,0,2,1,11,10,7,5,6,8,7,6,7,1,9,12,5,1,9,4,6,3,10,3,7,1,9
            2,9,5,7,4,10,4,6,9,3,10,11,5,7,9,10,2,0,9,3,10,4,5,7,4,6,2,0,9,3,10,3,7,1,8,2,6,8,1,7
            7,2,8,5,9,4,1,6,10,1,10,4,3,8,5,9,4,10,6,0,1,10,9,11,2,8,7,3,8,5,9,4,10,7,9,3,2,8,3,6
            9,4,3,9,7,5,6,1,0,8,4,9,3,7,5,6,2,1,0,8,4,9,3,7,5,6,8,2,10,6,8,4,9,11,7,5,6,8,10,7
            4,8,3,6,5,10,0,2,9,4,10,2,4,6,3,0,5,10,7,1,9,11,4,8,3,6,5,10,6,1,14,4,8,3,10,4,7,10,6,5
        // FS
            2,5,10,0,10,8,4,6,3,5,6,3,4,1,0,2,1,13,10,7,5,6,8,7,6,7,1,9,5,1,9,4,6,3,10,3,7,1,9
            2,9,5,7,4,10,4,6,9,3,10,13,5,7,9,10,2,0,9,3,10,4,5,7,4,6,2,0,9,3,10,3,7,1,8,2,6,8,1,7
            7,2,8,5,9,4,1,6,10,1,10,4,3,8,5,9,4,10,6,0,1,10,9,13,2,8,7,3,8,5,9,4,10,7,9,3,2,8,3,6
            9,4,3,9,7,5,6,1,0,8,4,9,3,7,5,6,2,1,0,8,4,9,3,7,5,6,8,2,10,6,8,4,9,13,7,5,6,8,10,7
            4,8,3,6,5,10,0,2,9,4,10,2,4,6,3,0,5,10,7,1,9,13,4,8,3,6,5,10,6,1,4,8,3,10,4,7,10,6,5

PLAYTECH SANTA SURPRISE
        // раскладка для главной игры и FS
            8,1,9,3,5,0,7,1,8,2,6,5,3,7,1,9,0,5,2,8,10,9,3,5,6,8,1,7,0,9,2,8,3,6,1,5,0,9,10,8,2,5,4,7,3,9,6,1,7,2,10,9,0,5,10,7,6,8,2,5,7,1,9,3,8,10,4,7,6,9,2,5,1,8,7,3,6,5,0,9,2,7,10,6,0,9,8,3,7,5,2,6,1,9,0,5,3,7,1,8,2,0,7,1,9,6,3,5,10,7,6,9,2,5,1,8,7,4,6,5,2,9,8,7,1,5,4,9
            8,1,6,3,5,0,7,1,8,2,6,5,3,7,1,9,0,5,2,8,7,9,3,5,6,8,1,7,0,9,2,8,3,6,1,5,0,9,10,8,2,5,4,7,3,9,6,1,7,2,10,9,0,5,10,7,6,8,2,5,7,1,9,3,8,10,4,7,6,9,10,5,1,8,7,3,6,5,0,9,2,7,10,5,0,9,8,3,7,5,2,6,1,9,0,5,3,7,1,8,2,5,7,1,9,6,3,5,1,7,6,9,2,5,1,8,7,4,6,5,2,9,8,7,1,5,4,9
            8,1,6,3,5,0,7,1,8,2,6,5,3,7,1,9,0,5,2,8,7,9,3,5,6,8,1,7,0,9,2,8,3,6,1,5,0,9,10,8,2,5,4,7,10,9,6,1,7,2,8,9,0,5,10,7,6,8,2,5,7,1,9,3,8,5,4,7,6,9,10,5,1,8,7,3,6,5,10,9,2,7,10,5,0,9,8,3,7,5,2,6,1,9,0,5,3,7,1,8,2,5,7,1,9,6,3,5,1,7,6,9,2,5,1,8,7,4,6,5,2,9,8,7,1,5,4,9
            8,1,6,3,5,0,7,1,8,2,6,5,3,7,1,9,0,5,2,8,7,9,3,5,6,8,1,7,0,9,2,8,3,6,1,5,0,9,10,8,2,5,4,7,10,9,6,1,7,2,8,9,0,5,1,7,6,8,2,5,7,1,9,3,8,5,1,7,6,9,10,5,1,8,7,3,6,5,10,9,2,7,1,5,10,9,8,3,7,5,2,6,1,9,0,5,3,7,1,8,2,5,7,1,9,6,3,5,1,7,6,9,2,5,1,8,7,4,6,5,2,9,8,7,1,5,4,9
            8,1,6,3,5,0,7,1,8,2,6,5,3,7,1,9,0,5,2,8,7,9,3,5,6,8,1,7,0,9,2,8,3,6,1,5,0,9,1,8,2,5,4,7,1,9,6,1,7,2,8,9,0,5,1,7,6,8,2,5,7,1,9,3,8,10,1,7,6,9,10,5,1,8,7,3,6,5,1,9,2,7,1,5,10,9,8,3,7,5,2,6,1,9,10,5,3,7,1,8,2,5,7,1,9,6,3,5,1,7,6,9,2,5,1,8,7,4,6,5,2,9,8,7,1,5,4,9

PLAYTECH SOPRANOS
        // раскладка для главной игры
            2,6,3,7,10,11,9,1,8,6,4,7,8,3,9,10,5,8,2,6,5,7,1,8,5,9,4,10,0,7,11,6,4,8,13,10,3,9,2,6,7,5,8,6,1,7,4,8,3,9,5,10,4,6,7,2,10,9,0,10,8,5,9,10
            0,6,3,7,5,8,4,9,10,2,6,5,7,8,12,9,3,10,4,6,2,7,13,8,1,9,12,5,10,3,9,5,10,12,8,2,6,7,0,9,10,13,6,3,7,8,4,9,10,2,6,4,7,1,8,5,9,4,10,12,6,8,4,9
            2,9,3,7,10,12,9,0,8,13,6,4,7,8,3,9,10,5,8,2,6,5,7,1,8,5,9,4,10,0,7,12,6,4,8,5,10,3,9,2,6,5,7,13,6,1,7,4,8,3,9,5,10,4,7,3,9,2,10,8,12,10,9,0,6,10
            1,6,3,7,5,8,4,9,2,10,5,6,12,8,5,9,3,10,4,6,2,7,13,8,1,9,12,7,10,3,9,5,10,12,8,2,6,7,0,9,10,13,6,3,7,8,4,6,7,5,8,9,1,10,9,2,7,3,8,4,9,5,10,12,9,4,10
            2,9,3,6,10,11,9,1,8,13,6,4,7,8,3,9,10,5,8,2,6,5,7,1,8,5,9,4,10,0,7,6,4,8,5,10,3,9,2,6,5,7,13,6,1,10,4,8,3,9,5,10,4,7,9,10,3,9,8,10,7,2,10,6
        // Soldier
            2,10,7,3,6,10,9,5,8,10,6,4,7,8,3,9,10,5,8,9,6,5,7,1,8,5,9,4,10,7,0,8,6,4,8,9,3,10,9,2,6,5,7,13,6,1,7,4,8,3,9,5,10,4,6,7,2,10,9
            10,6,3,7,5,8,4,9,10,2,6,7,5,8,9,7,3,10,4,6,2,7,13,8,1,9,5,10,3,9,5,10,8,2,6,7,0,9,10,6,3,7,8,4,9,10,6,4,7,1,8,5,9,4,10,6,8,9
            2,9,3,7,10,2,9,8,13,6,7,5,8,9,10,4,8,5,6,7,1,8,5,9,10,4,7,6,5,8,6,4,10,8,3,9,6,5,7,6,1,7,4,8,3,9,5,10,7,2,9,3,10,8,2,10,9,0,6,10
            1,6,8,3,7,5,8,4,9,10,5,8,6,3,10,9,5,10,4,6,7,13,8,9,1,7,10,3,9,5,10,8,2,6,7,0,9,10,6,3,7,8,4,6,7,5,9,8,10,2,9,7,4,8,9,5,10,9,4,6,10
            2,9,6,3,10,9,1,8,13,6,4,7,8,3,9,10,5,8,2,6,5,7,9,5,8,9,4,10,0,7,8,4,6,8,5,10,3,9,6,5,7,13,10,6,1,10,8,4,7,9,5,10,7,9,4,8,9,2,10,7,3,10,6
        // Capo
            2,10,7,3,6,10,5,9,0,8,4,6,10,3,8,7,13,9,10,5,8,9,5,6,7,1,8,5,9,4,10,7,0,8,6,4,8,9,3,10,9,2,6,5,7,13,6,1,7,4,8,3,9,5,8,1,10,4,6,7,2,10,1,9
            10,6,3,7,5,8,4,9,10,2,6,7,5,8,9,3,7,10,4,6,2,9,13,8,7,1,9,5,10,3,9,5,10,8,2,6,7,0,6,10,3,6,8,4,7,10,1,9,7,4,8,5,9,1,8,10,13,8,9,5,10,0,6,4,9
            2,9,7,0,10,9,13,10,6,5,7,8,1,9,10,4,8,5,6,7,1,8,5,9,4,10,2,7,6,3,9,5,8,6,4,10,8,3,9,6,5,7,6,1,7,4,8,3,9,5,10,4,7,9,3,10,8,2,10,9,0,6,10
            1,6,8,3,7,5,8,4,9,8,0,10,6,2,10,5,9,3,10,5,6,7,13,8,9,1,7,10,3,9,5,10,8,2,6,7,0,9,6,1,7,4,6,2,7,4,9,5,8,10,13,9,7,4,8,5,10,3,9,4,6,10
            2,9,6,3,10,1,9,8,13,6,4,7,8,3,9,10,5,8,2,6,5,7,9,5,8,9,4,10,0,7,8,4,6,8,5,10,3,9,6,5,7,10,13,6,10,8,4,7,9,5,10,7,1,9,4,8,9,2,10,7,3,10,6
        // Boss
            13,10,7,8,3,6,10,5,7,9,8,4,6,10,9,3,8,7,5,9,10,7,13,8,9,10,5,6,7,1,8,6,5,9,8,10,0,7,8,6,4,8,9,5,6,7,9,3,10,9,2,6,10,5,9,7,13,6,9,10,1,7,6,10,4,8,10,9,5,8,9,10,4,8,7,6,2,10,8,9
            10,6,5,7,6,8,4,9,10,2,6,7,5,8,9,3,7,10,8,4,6,8,9,13,8,9,1,7,10,9,5,10,9,3,8,5,10,9,6,7,0,6,10,3,6,8,4,7,10,5,9,7,4,9,10,8,5,9,8,10,13,8,7,5,9,10,6,4,9
            2,9,7,10,5,6,9,7,0,10,6,5,7,8,1,9,10,4,8,10,5,6,7,4,8,10,5,9,6,4,10,8,5,7,6,3,9,7,5,8,6,4,10,8,9,3,6,8,7,13,6,9,7,4,8,9,10,5,8,9,10,4,7,9,3,10,8,2,10,9,0,6,10
            1,6,8,4,7,6,5,9,8,4,9,8,0,10,6,2,10,8,5,9,7,3,10,8,5,6,7,13,8,9,5,7,10,3,9,8,5,10,8,2,6,7,1,6,9,4,7,6,2,7,10,4,9,10,5,8,10,13,9,7,4,8,9,5,10,3,9,4,6,10
            2,9,6,3,10,1,9,8,13,6,4,7,8,3,9,10,5,8,10,6,5,7,9,5,8,9,4,10,9,0,7,8,4,6,8,10,5,8,9,6,5,7,10,13,6,10,8,4,7,9,5,10,7,9,4,8,9,2,10,8,7,3,10,6
        // Family
            5,3,13,5,4,3,1,5,0,2,4,5,2,4,3,5,13,4,2,5,4,3,1,5,2,3,4,5,3,2,1,5,13,3,2,5,3,1,2,5,0,3,1,5,3,1,13,5,3,1,5,4,3,2,5,3,1,4,5,13,3,4,5,3,5,2,3,1,5,3,4,2,5,13,3,4,5,1,3,2,1
            5,1,4,13,5,4,2,1,5,0,3,4,5,1,4,3,5,13,4,3,5,4,3,1,5,2,3,4,5,2,4,1,5,13,1,4,5,3,4,2,5,4,3,1,5,4,13,5,4,1,5,4,3,5,0,4,5,13,4,5,1,4,5,3,2,5,1,4,5,1,4,2
            1,2,4,13,5,3,2,1,5,3,0,4,3,5,1,2,4,3,2,13,4,2,5,4,3,1,4,2,3,4,5,2,4,3,2,13,3,4,2,1,3,4,2,5,4,3,1,5,2,4,13,3,5,4,3,5,4,3,2,4,3,1,4,3,13,4,3,2,4,3,2,4,3,2,4,13,3,5,1,3,2,4
            1,5,2,1,5,4,2,1,5,0,3,4,5,2,4,3,5,1,2,3,5,4,3,1,5,2,3,4,13,5,2,4,1,5,3,1,2,5,4,1,2,13,5,4,3,1,5,2,4,1,5,3,2,1,5,4,3,2,5,3,1,4,5,3,4,5,3,4,5,3,2,4,5,3,4,2,13,1,5,2,1,4,3,2
            1,5,4,3,5,4,2,1,5,0,3,4,5,2,4,3,5,13,2,3,5,4,3,1,5,2,3,4,5,2,4,1,5,3,2,4,5,3,4,2,5,4,3,1,5,2,4,1,5,3,2,1,5,4,3,2,5,13,3,1,4,5,3,4,5,3,4,5,3,2,4,5,3,4,5,13,2,1,5,2,1,4,3,2

PLAYTECH XMEN
        // раскладка для главной игры
            4,5,6,3,7,8,4,9,10,11,5,6,1,7,8,2,6,10,3,5,6,3,7,8,2,9,10,3,8,10,4,9,8,2,10,8,3,10,6,0,7,8,1,9,10
            0,7,8,1,10,9,2,5,4,9,8,3,6,4,10,2,5,6,1,7,8,2,6,10,3,5,6,3,7,8,11,9,10,3,8,10,4,9,8,2,7,10,3,6,10
            9,10,2,5,6,3,7,8,4,9,10,11,5,6,1,7,8,2,6,10,3,5,6,4,10,0,9,11,10,3,8,10,4,9,6,11,7,9,3,10,6,0,7,8,1
            7,8,1,10,9,2,5,6,3,8,9,4,11,10,9,6,5,2,7,8,1,6,10,3,5,6,4,7,8,2,9,10,3,8,10,4,9,2,6,10,8,4,6,10,0
            5,6,0,7,8,1,9,10,2,5,6,3,7,8,4,9,10,11,5,6,1,7,8,2,9,10,3,5,6,4,7,8,2,9,10,3,8,10,4,9,3,10,9,4,8
        // Villain mod
            7,9,0,5,3,1,9,7,5,3,9,7,5,1,9,5,7,9,3,5,7,9,5,7,9,1,5,9,3,7,5,9,3,7,9,3
            9,7,0,5,3,1,9,7,5,3,9,7,5,1,9,5,7,9,3,5,7,9,5,7,9,1,5,9,3,7,5,9,3,7,1,3
            7,9,1,7,9,2,3,5,1,7,5,3,1,9,3,5,7,9,2,7,5,3,9,1,5,9,3,5,7,3,9,0,7,1,9,5
            9,7,0,5,3,1,9,7,5,3,9,7,5,1,9,5,7,9,3,5,7,9,5,7,9,1,5,9,3,7,5,9,3,7,1,3
            9,7,0,5,3,1,9,7,5,3,9,7,5,1,9,5,7,9,3,5,7,9,5,7,9,1,5,9,3,7,5,9,3,7,1,3
        // Hero mod
            6,10,0,6,4,2,10,8,6,2,10,8,6,2,10,6,8,10,2,6,8,10,6,8,10,2,6,10,4,8,6,10,4,8,6,4,8,10,6,8,10,4
            10,8,0,6,4,2,10,8,2,4,10,8,6,2,10,6,8,10,4,6,2,10,6,8,10,2,6,10,4,8,6,10,4,8,2,4,8,10,6,8,2,4
            8,10,2,8,10,1,4,6,2,8,6,4,2,10,4,6,8,10,1,8,6,4,10,2,6,10,4,6,8,4,10,0,8,2,10,6,8,2,4,8,10,6
            10,8,0,6,4,2,10,8,6,4,10,8,6,2,10,6,8,10,4,6,8,10,6,8,10,2,6,10,4,8,6,10,4,8,2,4,8,10,6,8,2,4
            10,8,0,6,4,2,10,8,6,4,10,8,6,2,10,6,8,10,4,6,8,10,6,8,10,2,6,10,4,8,6,10,4,8,2,4,8,10,6,8,2,4

QUICKSPIN BigBadWolf
        // Основная игра
            0,7,2,9,1,5,4,7,1,5,4,9,3,7,4,6,2,5,11,8,1,6,7,4,9,11,5,1,6,9,4,5,1,9,8,4,7,3,8,1,7,4,9,11,5,4,9,7,1,5,4,7,3,5,4,7,1,5,7,2,5,4,7,6,2,5,11,7,2,7,4,5,6,4,5,3,7,4,9,2,7,11,8,2,5,4,7,1,8,11,5,4,9,2,9,5
            0,6,1,6,3,8,11,7,1,8,11,8,4,6,1,9,8,1,7,3,8,2,8,7,3,8,1,6,4,8,11,7,3,8,1,9,3,8,1,5,3,9,4,8,1,5,3,8,0,8,3,6,1,5,4,6,1,6,2,7,1,5,3,8,1,8,3,6,2,5,3,9,1,8,11,6,3,9,1,8,0,5,3,9,1,9,6,11,9,1,6,0,9,3,6,1,7,3,6,0,9,2,6,11,6,9,3,8
            0,5,2,7,1,9,4,7,11,9,4,7,0,6,2,5,4,8,1,7,4,5,3,7,4,5,0,7,2,9,4,8,2,7,4,8,11,7,4,9,3,7,5,4,7,1,7,11,5,4,9,1,5,4,7,2,5,4,6,2,5,4,7,2,6,4,5,11,7,1,7,4,9,11,5,4,6,3,5,4,5,2,9,1,5,4,8,2,4,9,3,5,2,9,0,5,4,9
            0,8,4,6,2,8,2,8,2,7,0,6,2,9,0,8,1,7,4,8,2,8,2,6,4,8,6,4,9,6,3,6,2,9,0,5,3,9,4,8,6,4,5,4,6,2,7,4,9,1,5
            0,7,1,5,4,8,2,6,1,9,3,7,2,6,0,5,4,8,1,5,6,3,5,1,8,2,7,0,8,2,9,4,6,3,7,1,8,4,5,3,9,2,6,3,7,4,9
        // FS
            0,7,1,9,6,2,9,1,5,4,2,3,7,1,6,0,5,11,2,1,9,4,7,11,5,1,6,9,4,5,2,9,11,8,4,7,3,8,1,7,4,9,11,5,4,9,1,7,2,5,4,7,3,5,4,7,1,5,7,1,5,4,7,6,1,5,7,2,7,4,5,0,6,4,5,7,4,9,2,7,8,1,5,4,7,1,8,5,4,9,2,9,5,4
            0,5,1,5,4,9,11,7,4,9,11,8,4,6,1,9,3,7,4,9,2,9,7,4,8,2,9,5,4,8,5,4,8,1,9,4,7,5,4,9,3,7,4,5,0,9,4,6,1,7,4,5,1,5,2,7,1,5,4,7,1,7,4,5,2,5,4,9,1,6,4,9,1,6,0,5,4,9,1,5,11,9,4,6,0,9,4,5,3,7,4,5,0,9,2,6
            0,6,9,0,6,7,11,7,9,4,7,0,6,5,4,8,1,7,4,5,3,7,1,5,4,7,4,7,2,7,4,6,1,7,4,9,1,7,5,4,7,11,5,4,9,1,5,4,7,5,4,6,2,5,4,7,2,6,4,5,0,7,1,7,4,9,11,5,4,8,1,5,4,5,2,9,5,4,6,2,7,4,9,3,5,2,9,1,5,4,9,2,8,3,5,4,9
            0,1,4,8,3,8,2,8,2,7,0,6,2,9,8,1,7,4,8,2,8,2,6,4,8,0,6,4,9,6,3,6,2,9,0,5,3,9,4,5,6,4,5,4,1,6
            0,7,1,5,4,10,2,6,1,9,3,7,2,6,10,5,4,8,1,5,0,8,10,9,3,5,10,2,7,0,8,2,9,4,6,3,10,1,8,4,5,3,9,2,6,3,7,4,9,10,4,7
                ),
        // FS без Скаттеров
            0,7,2,9,6,2,9,0,1,5,4,2,3,7,1,6,0,5,2,1,9,4,7,11,5,1,6,0,9,4,5,2,9,11,8,4,7,3,8,1,7,4,9,5,4,9,1,7,2,5,4,7,3,5,4,7,1,5,7,2,5,4,7,6,2,5,7,2,7,4,5,6,4,5,3,7,4,9,2,7,11,8,2,5,4,7,1,8,11,5,4,9,2,9,5,3,4
            0,6,1,6,3,8,11,7,1,8,11,8,4,6,1,9,8,1,7,3,8,2,8,7,3,8,1,6,2,8,6,3,8,1,9,3,8,5,3,9,4,8,1,5,3,8,0,8,3,6,1,7,4,6,1,5,2,7,1,5,3,8,1,8,3,6,2,5,3,9,1,6,3,9,1,6,0,5,3,9,1,6,11,9,1,6,0,9,3,6,1,7,3,6,0,9,2,6
            6,1,7,9,6,7,11,9,4,7,6,2,5,4,8,1,7,4,5,3,7,4,5,7,2,9,4,8,2,7,4,8,7,4,9,3,7,5,4,7,1,7,11,5,4,9,1,5,4,7,2,5,4,6,2,5,4,7,2,6,4,5,11,7,1,7,4,9,5,4,6,3,5,4,5,2,9,0,5,4,8,2,7,4,9,3,5,2,9,5,4,9,0,2,3,5,4
            1,8,4,6,3,8,2,8,2,7,0,6,2,9,0,8,1,7,4,8,2,8,2,6,4,8,0,6,4,9,0,6,3,6,2,9,0,5,3,9,4,6,4,5,4,1,6,2
            0,7,1,5,4,7,2,6,1,9,3,7,2,6,3,5,4,8,1,5,0,5,3,5,1,3,2,7,0,8,2,9,4,6,3,5,1,8,4,5,3,9,2,6,3,7,4,9,5,6,3,7,4,9,5