<?

class avengersParams extends Params {
    // раскладки
    public $reels = array(
        // раскладка для главной игры
        array(
            array(4,8,7,10,6,11,8,1,9,6,2,8,5,3,10,2,8,5,4,9,11,6,10,2,7,8,3,6,9,1,10,4,5,9,11,6,8,3,7,9,0,7,10,2,6,8,3,9,4,5,8,2,7,9,0,7,8,4,5,10,3,8,9,2,10,5,4,9,7,1,10,4,6,8,3,9,10,2,8,6,3,9,10,1,7,8,3,7,9,2,6,8,3,9,5,4,7,9,0,7,10,1,8,6,2,10,7,3,5,9,4,7,10,2,6,9),
            array(4,9,5,8,6,11,9,1,8,5,10,3,7,9,4,5,10,6,1,9,5,8,0,10,6,9,1,8,6,3,10,5,9,4,7,8,1,10,5,9,2,8,6,10,1,7,9,3,8,5,11,7,10,2,7,9,4,7,6,10,0,9,5,8,2,7,9,11,5,10,3,9,6,8,2,10,5,9,3,8,6,10,3,9,5,8,4,7,10,3,9,6,8,2,10,6,9,0,8,5,10,4,7,10,3,7,10,4,7,9,3,7,10,4,5,8),
            array(2,10,4,9,8,11,7,1,9,6,4,9,3,10,6,1,8,7,3,10,4,5,8,1,6,7,2,10,11,6,8,0,9,5,4,10,3,6,9,1,5,10,3,8,2,5,8,4,6,9,3,10,4,5,8,0,9,7,4,10,3,7,9,4,6,10,1,8,5,4,9,2,10,6,3,5,4,7,8,1,9,6,2,10,7,0,9,5,1,10,7,2,9,6,1,7,10,11,6,8,4,7,3,10,4,8,6,2,9,11,5,10,1,6,8),
            array(10,8,0,9,5,11,10,6,4,8,3,10,5,2,9,7,4,6,10,2,7,8,1,6,10,3,7,8,2,6,9,1,8,5,3,9,7,4,6,10,3,7,9,1,6,10,4,9,7,2,10,7,11,5,8,0,10,7,2,9,7,3,10,6,1,9,7,2,10,6,0,8,7,4,9,8,1,10,9,2,8,10,3,9,5,4,8,10,1,6,9,0,8,7,2,10,9,3,8,5,4,9,6,11,8,5,3,10,9,2,5,8,1,6,9,4),
            array(4,9,0,6,10,11,7,1,5,8,2,9,6,1,7,10,3,5,8,2,7,9,4,5,10,0,8,6,2,9,7,3,6,8,1,5,9,11,6,8,4,5,10,3,6,9,1,10,5,4,7,9,1,5,8,3,9,6,0,10,7,3,8,2,5,10,4,8,6,2,9,3,10,6,1,9,5,3,8,4,5,10,4,6,8,0,9,6,2,8,7,4,10,3,8,6,11,10,7,4,8,3,7,9,1,10,7,4,8,2,7,10,3,7,8),
        ),
        // раскладка для Капитана Америки
        array(
            array(4,8,7,10,6,11,8,1,9,6,2,8,5,3,10,2,8,5,4,9,11,6,10,2,7,8,3,6,9,1,10,4,5,9,11,6,8,3,7,9,0,7,10,2,6,8,3,9,4,5,8,2,7,9,0,7,8,4,5,10,3,8,9,2,10,5,4,9,7,1,10,4,6,8,3,9,10,2,8,6,3,9,10,1,7,8,3,7,9,2,6,8,3,9,5,4,7,9,0,7,10,1,8,6,2,10,7,3,5,9,4,7,10,2,6,9),
            array(4,9,5,8,6,11,9,1,8,5,10,3,7,9,4,5,10,6,1,9,5,8,0,10,6,9,1,8,6,3,10,5,9,4,7,8,1,10,5,9,2,8,6,10,1,7,9,3,8,5,11,7,10,2,7,9,4,7,6,10,0,9,5,8,2,7,9,11,5,10,3,9,6,8,2,10,5,9,3,8,6,10,3,9,5,8,4,7,10,3,9,6,8,2,10,6,9,0,8,5,10,4,7,10,3,7,10,4,7,9,3,7,10,4,5,8),
            array(2,10,4,9,8,11,7,1,9,6,4,9,3,10,6,1,8,7,3,10,4,5,8,1,6,7,2,10,11,6,8,0,9,5,4,10,3,6,9,1,5,10,3,8,2,5,8,4,6,9,3,10,4,5,8,0,9,7,4,10,3,7,9,4,6,10,1,8,5,4,9,2,10,6,3,5,4,7,8,1,9,6,2,10,7,0,9,5,1,10,7,2,9,6,1,7,10,11,6,8,4,7,3,10,4,8,6,2,9,11,5,10,1,6,8),
            array(10,8,0,9,5,11,10,6,4,8,3,10,5,2,9,7,4,6,10,2,7,8,1,6,10,3,7,8,2,6,9,1,8,5,3,9,7,4,6,10,3,7,9,1,6,10,4,9,7,2,10,7,11,5,8,0,10,7,2,9,7,3,10,6,1,9,7,2,10,6,0,8,7,4,9,8,1,10,9,2,8,10,3,9,5,4,8,10,1,6,9,0,8,7,2,10,9,3,8,5,4,9,6,11,8,5,3,10,9,2,5,8,1,6,9,4),
            array(4,9,0,6,10,11,7,1,5,8,2,9,6,1,7,10,3,5,8,2,7,9,4,5,10,0,8,6,2,9,7,3,6,8,1,5,9,11,6,8,4,5,10,3,6,9,1,10,5,4,7,9,1,5,8,3,9,6,0,10,7,3,8,2,5,10,4,8,6,2,9,3,10,6,1,9,5,3,8,4,5,10,4,6,8,0,9,6,2,8,7,4,10,3,8,6,11,10,7,4,8,3,7,9,1,10,7,4,8,2,7,10,3,7,8),
        ),
        // Раскладка для халка
        array(
            array(4,8,7,10,6,11,8,1,9,6,2,8,5,3,10,2,8,5,4,9,11,6,10,2,7,8,3,6,9,1,10,4,5,9,11,6,8,3,7,9,0,7,10,2,6,8,3,9,4,5,8,2,7,9,0,7,8,4,5,10,3,8,9,2,10,5,4,9,7,1,10,4,6,8,3,9,10,2,8,6,3,9,10,1,7,8,3,7,9,2,6,8,3,9,5,4,7,9,0,7,10,1,8,6,2,10,7,3,5,9,4,7,10,2,6,9),
            array(4,9,5,8,6,11,9,1,8,5,10,3,7,9,4,5,10,6,1,9,5,8,0,10,6,9,1,8,6,3,10,5,9,4,7,8,1,10,5,9,2,8,6,10,1,7,9,3,8,5,11,7,10,2,7,9,4,7,6,10,0,9,5,8,2,7,9,11,5,10,3,9,6,8,2,10,5,9,3,8,6,10,3,9,5,8,4,7,10,3,9,6,8,2,10,6,9,0,8,5,10,4,7,10,3,7,10,4,7,9,3,7,10,4,5,8),
            array(2,10,4,9,8,11,7,1,9,6,4,9,3,10,6,1,8,7,3,10,4,5,8,1,6,7,2,10,11,6,8,0,9,5,4,10,3,6,9,1,5,10,3,8,2,5,8,4,6,9,3,10,4,5,8,0,9,7,4,10,3,7,9,4,6,10,1,8,5,4,9,2,10,6,3,5,4,7,8,1,9,6,2,10,7,0,9,5,1,10,7,2,9,6,1,7,10,11,6,8,4,7,3,10,4,8,6,2,9,11,5,10,1,6,8),
            array(10,8,0,9,5,11,10,6,4,8,3,10,5,2,9,7,4,6,10,2,7,8,1,6,10,3,7,8,2,6,9,1,8,5,3,9,7,4,6,10,3,7,9,1,6,10,4,9,7,2,10,7,11,5,8,0,10,7,2,9,7,3,10,6,1,9,7,2,10,6,0,8,7,4,9,8,1,10,9,2,8,10,3,9,5,4,8,10,1,6,9,0,8,7,2,10,9,3,8,5,4,9,6,11,8,5,3,10,9,2,5,8,1,6,9,4),
            array(4,9,0,6,10,11,7,1,5,8,2,9,6,1,7,10,3,5,8,2,7,9,4,5,10,0,8,6,2,9,7,3,6,8,1,5,9,11,6,8,4,5,10,3,6,9,1,10,5,4,7,9,1,5,8,3,9,6,0,10,7,3,8,2,5,10,4,8,6,2,9,3,10,6,1,9,5,3,8,4,5,10,4,6,8,0,9,6,2,8,7,4,10,3,8,6,11,10,7,4,8,3,7,9,1,10,7,4,8,2,7,10,3,7,8),
        ),
        // Раскладка для Тора
        array(
            array(4,8,7,10,6,11,8,1,9,6,2,8,5,3,10,2,8,5,4,9,11,6,10,2,7,8,3,6,9,1,10,4,5,9,11,6,8,3,7,9,0,7,10,2,6,8,3,9,4,5,8,2,7,9,0,7,8,4,5,10,3,8,9,2,10,5,4,9,7,1,10,4,6,8,3,9,10,2,8,6,3,9,10,1,7,8,3,7,9,2,6,8,3,9,5,4,7,9,0,7,10,1,8,6,2,10,7,3,5,9,4,7,10,2,6,9),
            array(4,9,5,8,6,11,9,1,8,5,10,3,7,9,4,5,10,6,1,9,5,8,0,10,6,9,1,8,6,3,10,5,9,4,7,8,1,10,5,9,2,8,6,10,1,7,9,3,8,5,11,7,10,2,7,9,4,7,6,10,0,9,5,8,2,7,9,11,5,10,3,9,6,8,2,10,5,9,3,8,6,10,3,9,5,8,4,7,10,3,9,6,8,2,10,6,9,0,8,5,10,4,7,10,3,7,10,4,7,9,3,7,10,4,5,8),
            array(2,10,4,9,8,11,7,1,9,6,4,9,3,10,6,1,8,7,3,10,4,5,8,1,6,7,2,10,11,6,8,0,9,5,4,10,3,6,9,1,5,10,3,8,2,5,8,4,6,9,3,10,4,5,8,0,9,7,4,10,3,7,9,4,6,10,1,8,5,4,9,2,10,6,3,5,4,7,8,1,9,6,2,10,7,0,9,5,1,10,7,2,9,6,1,7,10,11,6,8,4,7,3,10,4,8,6,2,9,11,5,10,1,6,8),
            array(10,8,0,9,5,11,10,6,4,8,3,10,5,2,9,7,4,6,10,2,7,8,1,6,10,3,7,8,2,6,9,1,8,5,3,9,7,4,6,10,3,7,9,1,6,10,4,9,7,2,10,7,11,5,8,0,10,7,2,9,7,3,10,6,1,9,7,2,10,6,0,8,7,4,9,8,1,10,9,2,8,10,3,9,5,4,8,10,1,6,9,0,8,7,2,10,9,3,8,5,4,9,6,11,8,5,3,10,9,2,5,8,1,6,9,4),
            array(4,9,0,6,10,11,7,1,5,8,2,9,6,1,7,10,3,5,8,2,7,9,4,5,10,0,8,6,2,9,7,3,6,8,1,5,9,11,6,8,4,5,10,3,6,9,1,10,5,4,7,9,1,5,8,3,9,6,0,10,7,3,8,2,5,10,4,8,6,2,9,3,10,6,1,9,5,3,8,4,5,10,4,6,8,0,9,6,2,8,7,4,10,3,8,6,11,10,7,4,8,3,7,9,1,10,7,4,8,2,7,10,3,7,8),
        ),
        // Раскладка для Железного Человека
        array(
            array(4,8,7,10,6,11,8,1,9,6,2,8,5,3,10,2,8,5,4,9,11,6,10,2,7,8,3,6,9,1,10,4,5,9,11,6,8,3,7,9,0,7,10,2,6,8,3,9,4,5,8,2,7,9,0,7,8,4,5,10,3,8,9,2,10,5,4,9,7,1,10,4,6,8,3,9,10,2,8,6,3,9,10,1,7,8,3,7,9,2,6,8,3,9,5,4,7,9,0,7,10,1,8,6,2,10,7,3,5,9,4,7,10,2,6,9),
            array(4,9,5,8,6,11,9,1,8,5,10,3,7,9,4,5,10,6,1,9,5,8,0,10,6,9,1,8,6,3,10,5,9,4,7,8,1,10,5,9,2,8,6,10,1,7,9,3,8,5,11,7,10,2,7,9,4,7,6,10,0,9,5,8,2,7,9,11,5,10,3,9,6,8,2,10,5,9,3,8,6,10,3,9,5,8,4,7,10,3,9,6,8,2,10,6,9,0,8,5,10,4,7,10,3,7,10,4,7,9,3,7,10,4,5,8),
            array(2,10,4,9,8,11,7,1,9,6,4,9,3,10,6,1,8,7,3,10,4,5,8,1,6,7,2,10,11,6,8,0,9,5,4,10,3,6,9,1,5,10,3,8,2,5,8,4,6,9,3,10,4,5,8,0,9,7,4,10,3,7,9,4,6,10,1,8,5,4,9,2,10,6,3,5,4,7,8,1,9,6,2,10,7,0,9,5,1,10,7,2,9,6,1,7,10,11,6,8,4,7,3,10,4,8,6,2,9,11,5,10,1,6,8),
            array(10,8,0,9,5,11,10,6,4,8,3,10,5,2,9,7,4,6,10,2,7,8,1,6,10,3,7,8,2,6,9,1,8,5,3,9,7,4,6,10,3,7,9,1,6,10,4,9,7,2,10,7,11,5,8,0,10,7,2,9,7,3,10,6,1,9,7,2,10,6,0,8,7,4,9,8,1,10,9,2,8,10,3,9,5,4,8,10,1,6,9,0,8,7,2,10,9,3,8,5,4,9,6,11,8,5,3,10,9,2,5,8,1,6,9,4),
            array(4,9,0,6,10,11,7,1,5,8,2,9,6,1,7,10,3,5,8,2,7,9,4,5,10,0,8,6,2,9,7,3,6,8,1,5,9,11,6,8,4,5,10,3,6,9,1,10,5,4,7,9,1,5,8,3,9,6,0,10,7,3,8,2,5,10,4,8,6,2,9,3,10,6,1,9,5,3,8,4,5,10,4,6,8,0,9,6,2,8,7,4,10,3,8,6,11,10,7,4,8,3,7,9,1,10,7,4,8,2,7,10,3,7,8),
        ),
    );
    // Символы
    public $symbols = array(
        // Shield WILD
        'W' => array(0),
        // Captain
        'C' => array(1),
        // Iron Man
        'I' => array(2),
        // Thor
        'T' => array(3),
        // Hulk
        'H' => array(4),
        // Nick Fury
        'N' => array(5),
        // Black Widow
        'B' => array(6),
        // Eagle Eye
        'E' => array(7),
        // A
        'A' => array(8),
        // K
        'K' => array(9),
        // Q
        'Q' => array(10),
        // Avengers Scatter
        'S' => array(11),
    );
    // Вайлд
    public $wild = array(0);
    // Скаттер
    public $scatter = array(11);
    // Умножение ставки, когда выпали скаттеры
    public $scatterMultiple = array(
        '3' => 3,
        '4' => 10,
        '5' => 100,
    );
    // Выигрышные линии
    public $winLines = array(
        // 1 
        array(1,1,1,1,1),
        // 2
        array(0,0,0,0,0),
        // 3
        array(2,2,2,2,2),
        // 4
        array(0,1,2,1,0),
        // 5
        array(2,1,0,1,2,),
        // 6
        array(1,0,0,0,1),
        // 7
        array(1,2,2,2,1),
        // 8
        array(0,0,1,2,2),
        // 9
        array(2,2,1,0,0),
        // 10
        array(1,0,1,2,1),
        // 11
        array(1,2,1,0,1),
        // 12
        array(0,1,1,1,0),
        // 13
        array(2,1,1,1,2),
        // 14
        array(0,1,0,1,0),
        // 15
        array(2,1,2,1,2),
        // 16
        array(1,1,0,1,1),
        // 17
        array(1,1,2,1,1),
        // 18
        array(0,0,2,0,0),
        // 19
        array(2,2,0,2,2),
        // 20
        array(0,2,2,2,0),
    );
    // Выплачивать только максимальный выигрыш на линии
    public $payOnlyHighter = true;
    // настройка ставок
    public $stakeConfig = array(
        'minStake' => 0.01,
        // Передается, но не влияет на максимальную ставку..
        'maxStake' => 1000,
        'defaultStake' => 0.05,
        'increaseCount' => array(
            '0.01' => 0.01,
            '0.10' => 0.10,
            '1.00' => 0.5,
            '5.00' => 1,
            // Этот параметр влияет на макс. ставку. Выше этого(последнего параметра) нельзя поставить на линию.
            '15.00' => 0,
        ),
        'currency' => 'USD',
        'currencyPrefix' => '$',
    );
    // Выплаты
    public $winPay = array(
        array('symbol'=>'W', 'count'=>5, 'multiplier'=>'10000.00'),
        array('symbol'=>'W', 'count'=>4, 'multiplier'=>'3000.00'),
        array('symbol'=>'C', 'count'=>5, 'multiplier'=>'1000.00'),
        array('symbol'=>'I', 'count'=>5, 'multiplier'=>'500.00'),
        array('symbol'=>'T', 'count'=>5, 'multiplier'=>'500.00'),
        array('symbol'=>'W', 'count'=>3, 'multiplier'=>'400.00'),
        array('symbol'=>'H', 'count'=>5, 'multiplier'=>'400.00'),
        array('symbol'=>'N', 'count'=>5, 'multiplier'=>'300.00'),
        array('symbol'=>'B', 'count'=>5, 'multiplier'=>'300.00'),
        array('symbol'=>'C', 'count'=>4, 'multiplier'=>'250.00'),
        array('symbol'=>'E', 'count'=>5, 'multiplier'=>'250.00'),
        array('symbol'=>'I', 'count'=>4, 'multiplier'=>'150.00'),
        array('symbol'=>'T', 'count'=>4, 'multiplier'=>'150.00'),
        array('symbol'=>'A', 'count'=>5, 'multiplier'=>'150.00'),
        array('symbol'=>'K', 'count'=>5, 'multiplier'=>'150.00'),
        array('symbol'=>'Q', 'count'=>5, 'multiplier'=>'150.00'),
        array('symbol'=>'H', 'count'=>4, 'multiplier'=>'125.00'),
        array('symbol'=>'N', 'count'=>4, 'multiplier'=>'100.00'),
        array('symbol'=>'B', 'count'=>4, 'multiplier'=>'100.00'),
        array('symbol'=>'E', 'count'=>4, 'multiplier'=>'75.00'),
        array('symbol'=>'C', 'count'=>3, 'multiplier'=>'60.00'),
        array('symbol'=>'W', 'count'=>2, 'multiplier'=>'50.00'),
        array('symbol'=>'A', 'count'=>4, 'multiplier'=>'50.00'),
        array('symbol'=>'K', 'count'=>4, 'multiplier'=>'50.00'),
        array('symbol'=>'Q', 'count'=>4, 'multiplier'=>'50.00'),
        array('symbol'=>'I', 'count'=>3, 'multiplier'=>'40.00'),
        array('symbol'=>'T', 'count'=>3, 'multiplier'=>'40.00'),
        array('symbol'=>'H', 'count'=>3, 'multiplier'=>'30.00'),
        array('symbol'=>'N', 'count'=>3, 'multiplier'=>'25.00'),
        array('symbol'=>'B', 'count'=>3, 'multiplier'=>'25.00'),
        array('symbol'=>'E', 'count'=>3, 'multiplier'=>'20.00'),
        array('symbol'=>'A', 'count'=>3, 'multiplier'=>'12.00'),
        array('symbol'=>'K', 'count'=>3, 'multiplier'=>'12.00'),
        array('symbol'=>'Q', 'count'=>3, 'multiplier'=>'12.00'),
    );
    // Бонус, когда на выигрышной линии 5 разных символов, указанные в symbols
    public $lineBonus = array(
        'symbols' => array(1, 2, 3, 4, 5),
        'multiplier' => array(
            '5' => 200,
        ),
    );
    // Символы для Стены героев
    public $WOHSymbols = array('Thor', 'Captain America', 'Hulk', 'Iron Man');
    //public $WOHSymbols = array('Captain America');
    // Символ выхода из стены героев
    public $WOHExit = 'Exit';
    // Шанс выпадения вайлдов в Торе
    public $bonusRand = array(
        0,0,0,0,0,0,
        1,1,1,1,1,
        2,2,2,2,
        3,3,3,
        4,4,
        5,
    );
}



